4.1
time x y
3.0 4.990133642141358 0.31395259764656763
3.05 4.996447363202946 0.18845091334967345
3.0999999999999996 4.99960522101908 6.283019941676499e-2
3.1499999999999995 4.99960522101908 -6.283019941676216e-2
3.1999999999999993 4.996447363202947 -0.18845091334967065
3.249999999999999 4.990133642141358 -0.3139525976465648
3.299999999999999 4.980668045715863 -0.43925598275371264
3.3499999999999988 4.968056552600043 -0.564281924367404
3.3999999999999986 4.952307128483256 -0.688951453423186
3.4499999999999984 4.9334297210393405 -0.8131858259744147
3.4999999999999982 4.911436253643444 -0.9369065729286187
3.549999999999998 4.886340617840968 -1.0600355496102676
3.599999999999998 4.858158664573371 -1.182494985118618
3.6499999999999977 4.826908194166371 -1.304207531449478
3.6999999999999975 4.792608945086881 -1.425096312349875
3.7499999999999973 4.75528258147577 -1.5450849718747304
3.799999999999997 4.714952679464325 -1.6640977226149265
3.849999999999997 4.671644712283063 -1.7820593935662457
3.899999999999997 4.625386034172293 -1.898895477608997
3.9499999999999966 4.576205863104591 -2.014532178568306
3.9999999999999964 4.524135262330101 -2.1288964578253555
4.049999999999996 4.469207120756323 -2.241916080450153
4.099999999999996 4.411456132174772 -2.3535196608266533
4.149999999999996 4.350918773347634 -2.4636367077414474
4.199999999999996 4.287633280968267 -2.572197668907523
4.249999999999996 4.221639627510082 -2.679133974894973
4.299999999999995 4.15297949597907 -2.7843780824409308
4.349999999999995 4.0816962535859265 -2.8878635171113283
4.399999999999995 4.007834924354391 -2.989524915287584
4.449999999999995 3.9314421606831034 -3.0892980654516604
4.499999999999995 3.8525662138789545 -3.187119948743438
4.5499999999999945 3.771256903680529 -3.2829287787647714
4.599999999999994 3.68756558679088 -3.3766640406051107
4.649999999999994 3.6015451244395447 -3.4682665290640142
4.699999999999994 3.513249848994257 -3.5576783860464154
4.749999999999994 3.4227355296434543 -3.6448431371070478
4.799999999999994 3.33005933717127 -3.7297057271209
4.849999999999993 3.2352798078472347 -3.8122125550572283
4.899999999999993 3.138456806453517 -3.892311507835106
4.949999999999993 3.0396514884730426 -3.9699519932391647
4.999999999999993 2.9389262614623806 -4.045084971874726
5.049999999999993 2.8363447456337965 -4.117662988142127
5.0999999999999925 2.7319717336713607 -4.187640200210698
5.149999999999992 2.625873149806497 -4.254972408973448
5.199999999999992 2.518116008178822 -4.3196170859641665
5.249999999999992 2.4087683705085934 -4.3815334002193085
5.299999999999992 2.2978993031074575 -4.4406822440677125
5.349999999999992 2.1855788332546844 -4.497026257831846
5.3999999999999915 2.071877904966442 -4.550529853424969
5.449999999999991 1.9568683341860325 -4.601159236829343
5.499999999999991 1.8406227634234094 -4.648882429441249
5.549999999999991 1.723214615872608 -4.693669288269362
5.599999999999991 1.6047180490360695 -4.735491524973714
5.649999999999991 1.4852079078851979 -4.774322723733207
5.69999999999999 1.3647596775866508 -4.810138357930422
5.74999999999999 1.2434494358242978 -4.842915805643149
5.79999999999999 1.121353804746931 -4.87263436393288
5.84999999999999 0.9985499025720592 -4.899275261921229
5.89999999999999 0.8751152948764078 -4.922821672646022
5.9499999999999895 0.751127945603812 -4.943258723689566
5.999999999999989 0.6266661678215469 -4.960573506572386
6.049999999999989 0.5018085742561036 -4.974755084906498
6.099999999999989 0.3766340276396918 -4.985794501303068
6.149999999999989 0.25122159089887713 -4.993684783030086
6.199999999999989 0.1256504772167157 -4.998420946416499
6.2499999999999885 2.7257675990577433e-14 -5.0
6.299999999999988 -0.12565047721665676 -4.998420946416501
6.349999999999988 -0.25122159089881824 -4.993684783030089
6.399999999999988 -0.3766340276396307 -4.985794501303072
6.449999999999988 -0.5018085742560427 -4.974755084906504
6.499999999999988 -0.6266661678214906 -4.960573506572393
6.549999999999987 -0.7511279456037536 -4.943258723689575
6.599999999999987 -0.8751152948763498 -4.922821672646032
6.649999999999987 -0.9985499025720014 -4.899275261921241
6.699999999999987 -1.1213538047468736 -4.872634363932893
6.749999999999987 -1.2434494358242407 -4.842915805643164
6.7999999999999865 -1.364759677586592 -4.810138357930439
6.849999999999986 -1.4852079078851417 -4.774322723733225
6.899999999999986 -1.6047180490360136 -4.735491524973733
6.949999999999986 -1.7232146158725528 -4.6936692882693825
6.999999999999986 -1.8406227634233543 -4.648882429441271
7.049999999999986 -1.956868334185978 -4.601159236829366
7.099999999999985 -2.071877904966388 -4.550529853424993
7.149999999999985 -2.1855788332546293 -4.497026257831872
7.199999999999985 -2.2978993031074055 -4.44068224406774
7.249999999999985 -2.408768370508542 -4.381533400219337
7.299999999999985 -2.5181160081787715 -4.319617085964196
7.3499999999999845 -2.625873149806445 -4.2549724089734795
7.399999999999984 -2.731971733671311 -4.187640200210731
7.449999999999984 -2.83634474563375 -4.117662988142159
7.499999999999984 -2.938926261462331 -4.045084971874762
7.549999999999984 -3.0396514884729937 -3.969951993239202
7.599999999999984 -3.138456806453471 -3.8923115078351427
7.6499999999999835 -3.2352798078471894 -3.8122125550572665
7.699999999999983 -3.3300593371712277 -3.7297057271209377
7.749999999999983 -3.4227355296434108 -3.6448431371070877
7.799999999999983 -3.5132498489942154 -3.557678386046457
7.849999999999983 -3.601545124439505 -3.468266529064055


Time: 7.85

4.2
time x y
0.0 0.0 0.0
0.5 0.1545084971874737 0.47552825814757677
1.0 0.5877852522924731 0.8090169943749475
1.5 1.2135254915624212 0.8816778784387097
2.0 1.902113032590307 0.6180339887498949
2.5 2.5 1.5308084989341916e-16
3.0 2.853169548885461 -0.927050983124842
3.5 2.831559480312316 -2.0572483830236554
4.0 2.351141009169893 -3.2360679774997894
4.5 1.3905764746872638 -4.2797543233281905
5.0 6.123233995736766e-16 -5.0
5.5 -1.6995934690622079 -5.230810839623346
6.0 -3.5267115137548384 -4.854101966249686
6.5 -5.258610463437158 -3.820604139901076
7.0 -6.657395614066075 -2.163118960624633
7.5 -7.5 -1.3777276490407722e-15
8.0 -7.608452130361229 2.472135954999578
8.5 -6.876644452187055 4.99617464448602
9.0 -5.29006727063226 7.281152949374526
9.5 -2.9356614465620026 9.035036904803958
10.0 -2.4492935982947065e-15 10.0


4.3
distances
0.0
0.49999999999999994
0.546757243852193
0.6299448000535756
0.737333643765886
0.8599039696666507
0.9920444826582608
1.1304039799123915
1.272956222238495
1.4184376663690481
1.5660321729511464
1.7151943341110203
1.8655481565802245
2.0168271440502834
2.168837711111881
2.321436147949987
2.47451369860455
2.627986640730716
2.7817895331677245
2.9358705205660445
3.0901880046237995


Total Distance: 33.6520